.Random.seed <-
c(403L, 10L, 1847771496L, -676216469L, -1127582967L, 1489626520L, 
-1061628730L, -1806422495L, 586780339L, -2017627102L, -1569722860L, 
1294181015L, 922090637L, -988696156L, -85615734L, -336136203L, 
-315214257L, -1399467690L, 270023680L, 73758019L, 2023651553L, 
420909648L, -337908050L, -927516071L, -1256537493L, 1220356058L, 
-1346910052L, 98749087L, 1266149621L, 737259916L, -1258996638L, 
-165393347L, -536969545L, -579625634L, 698025112L, -1428328453L, 
-693914215L, -819673560L, 579960534L, -1458300079L, -197313021L, 
-2003197550L, 570425124L, 1721430503L, 483778109L, -839710540L, 
237788954L, -1506372507L, -1533944577L, -878359162L, -691633392L, 
1463375795L, 1451703377L, 1254023168L, 740462814L, 251603753L, 
488576731L, 1904215530L, -880915060L, 240394959L, -1922195835L, 
604241212L, 133578770L, 1940156173L, -1930228665L, -1631207890L, 
1958594440L, -1889906037L, -224418711L, 500402232L, -1041202970L, 
-94582655L, 1439248403L, 1733228482L, 582127732L, 1754818167L, 
-1368688787L, -1037064188L, 1722319658L, -161515371L, -672880849L, 
2006715958L, 941890144L, 1728440483L, 1868385217L, -1318058064L, 
1157509838L, 414224441L, -477804981L, 162188282L, 334853884L, 
-1438639297L, 376509461L, 2021035820L, 311829506L, 310183645L, 
-1185794601L, 859701438L, 661500664L, 1881053403L, 677423929L, 
441425544L, 1613859382L, 1486504561L, -209127261L, 1824199154L, 
-2012741308L, 794434055L, 910075869L, -2128150316L, -1641701382L, 
776902469L, 947966879L, 1645164838L, 976275888L, -472645037L, 
641166705L, 1081457824L, -2125358018L, -1248930999L, -609132037L, 
738870730L, -1713239252L, 1038918447L, -307455515L, 945538204L, 
935735538L, 1305446765L, -1849891161L, -712685362L, -515406296L, 
-335180245L, -1234959287L, -765282984L, -966743034L, -1964913183L, 
1075738483L, 2099008482L, -1575404716L, 1725404759L, 41348685L, 
1596473828L, 1471257546L, 1121639989L, 266347663L, -628257386L, 
-374542016L, -1568699389L, -1252692447L, 799594768L, 1109186286L, 
1968810649L, 1916224299L, -1587565030L, -94616356L, -20326177L, 
1717057205L, 539619404L, 1820208290L, -620143619L, -1744295689L, 
-1824788962L, -27909928L, 1905099835L, 1747103193L, -2127733912L, 
1089427094L, -913895407L, -1268600381L, -503546414L, 1937683556L, 
-227646553L, 662129917L, 224110836L, 1735557082L, -1660267739L, 
1520452159L, -1024677434L, 2074918480L, -1817054605L, 2045216401L, 
1102675648L, -2013230946L, -1963121559L, 1171984539L, 780210602L, 
806103500L, -1260829553L, -830513979L, 1320029308L, -475250478L, 
-621305779L, 1103001863L, -71734034L, 175359432L, -143742261L, 
1454887721L, 517927800L, -544708442L, -1570917695L, -1421163693L, 
1055215618L, 255573300L, -1563298121L, 1142000301L, 1653689284L, 
769577962L, -1101145003L, 256590319L, -1420195338L, -2090578144L, 
-270909213L, 1968944513L, -1270803472L, 1199528590L, 430403065L, 
-1197600885L, 1817742266L, 226423484L, 787606015L, -2072430763L, 
-942387092L, 590120130L, -745935075L, 1098458519L, -408300290L, 
-1350648136L, 1634410651L, 440946425L, 1407630284L, 1703803104L, 
-241848286L, -738054872L, -1817424372L, 595241788L, 2045764594L, 
1601638128L, -1255927228L, -338555304L, 1242379066L, 1503175152L, 
-1536835908L, 558484756L, -1962191166L, 1745295456L, 1456850812L, 
-111252528L, 1930857762L, -420178264L, -1562104948L, 2072648892L, 
-287439054L, -1371203008L, -1750802252L, -731690424L, 908299706L, 
-1175444976L, -995485972L, 1421915476L, -631917294L, 200628640L, 
1283536588L, 1326009952L, -1746469950L, 33106728L, 722566060L, 
1364803388L, -1245012622L, 463114032L, 1630024996L, -744717512L, 
1434336986L, 1292790672L, 1471568636L, 1740063636L, -1545428926L, 
1126203648L, -1355801540L, -2121312944L, 712601762L, -574053048L, 
798509836L, -2106971428L, 1601147218L, -1710241664L, -1628885932L, 
-1957313560L, -202023686L, -642220208L, 1748006700L, -1553285772L, 
-982057070L, 649469024L, 380437900L, 1964733280L, -35465758L, 
-1290157144L, -926594868L, 1076958204L, 1067041202L, -823005712L, 
1662910404L, -2142729896L, -377488006L, 1537976240L, 863092156L, 
1793946708L, -1714415678L, -795998176L, 894566588L, -1614678448L, 
1286698978L, 388257896L, 543717452L, -1189321476L, -727767054L, 
-932324096L, 472384884L, 368295944L, 1644798906L, -53230128L, 
1186906092L, -618117740L, -1386020398L, -180790944L, 821664588L, 
-127819488L, 1068795778L, -2068873496L, 1372612844L, -1932310468L, 
-584667278L, -430879120L, -1439241180L, -41722056L, 1614834842L, 
1728959184L, -296988484L, -993939820L, 369897090L, -673603392L, 
1695065916L, 1988432016L, 1965665826L, -1147294712L, -147878644L, 
931343516L, -318819822L, -1561857152L, -1816963564L, -419467736L, 
-18031302L, -1819931184L, 1920231532L, -1574320844L, -1929024878L, 
1952780128L, -1076367540L, 1299138528L, -1770947678L, 1137400744L, 
-1085212276L, 109051068L, 1871028594L, -1145206544L, -2098497468L, 
-1918327464L, 1027623482L, -1884139664L, 197536828L, -1007049964L, 
761808322L, 922152672L, -360354948L, 68596432L, -1238070110L, 
-423206872L, 402848012L, -835859524L, 1957633330L, 1521779136L, 
-469542348L, 1650782152L, 325278906L, -1239092848L, 1861304812L, 
1085576788L, -131935086L, 663839520L, -1146641972L, -1350347296L, 
1009764034L, 812632104L, 1780643500L, 1099980988L, -406331918L, 
919858480L, 21742756L, 1998838456L, 1241471322L, -706033264L, 
1146914684L, 65104148L, 1888657218L, 647212800L, 949560252L, 
1650013008L, 1785077538L, -705108664L, -836620788L, 1093883996L, 
1801425106L, -848376320L, 729715028L, 1795456488L, -1798734854L, 
-591651632L, -1119381204L, 1427269364L, 1613757842L, 728129632L, 
416331020L, 1144609504L, 1395670370L, -2065112408L, -1209259444L, 
164394364L, -1407329998L, -1063916432L, 256887620L, 1181729240L, 
867079290L, -1930795472L, 241517244L, 1405080404L, 1154691138L, 
1255467424L, -1674824004L, 33603024L, 1024613730L, 565159912L, 
4730828L, -852434180L, -973031950L, -1705227136L, 193386740L, 
-287384952L, -1383773382L, 1932306256L, 1742674540L, 2119415956L, 
679477586L, 1451497184L, -789805364L, -183859040L, 907626370L, 
-382411412L, 1277969786L, 1646438063L, -1455501895L, 186437582L, 
258080540L, -1449087347L, 189845239L, 1152418304L, -124023714L, 
-59183317L, 1264434221L, 1431776410L, 1812455512L, 523290561L, 
612485235L, -12197484L, -111742942L, -1193535689L, -1433953791L, 
1736581894L, 1741778756L, 2042741365L, -1054903329L, 583989048L, 
-1598951146L, -729092829L, -241303835L, 1820706562L, 1768516976L, 
1514335513L, 1841423627L, -1745664516L, 859364906L, 111150687L, 
1813747177L, -1290123522L, 1523529452L, 62342717L, 2023192071L, 
-114304528L, -1365751410L, -375316549L, 483035549L, -762427574L, 
1585838952L, 588578129L, 1915014723L, 830763844L, -389197838L, 
-862302777L, -297413743L, -1732588778L, -815612044L, -213484027L, 
-954980785L, 1856774728L, -807341082L, 1114365203L, -935079307L, 
-1438564270L, -1866665312L, 1744961417L, 273226683L, -1965040628L, 
1990511002L, 1558907151L, -456296615L, 1186716142L, 1801553020L, 
-131358483L, -414439529L, -1598291872L, -2108562882L, 339895051L, 
2064128397L, -662936902L, 772761848L, 32052897L, -67080621L, 
-1544269452L, -833747198L, -982601833L, 1113432417L, -1539692122L, 
-109581404L, 374789717L, -1008675073L, -257082472L, 892681398L, 
-303228605L, -1652731771L, -201201374L, -1540630000L, 1894760889L, 
-45960597L, -389747364L, -2120639350L, -1574357889L, -80626231L, 
-1913440674L, -2124040948L, 129642717L, -170754585L, 242984464L, 
-1540342994L, -1382375461L, 979394749L, 571509290L, -863373624L, 
-373033999L, -1943489181L, -1882550940L, 723202194L, -211770009L, 
-497467599L, 524022902L, 1685278100L, 948214181L, -635555153L, 
1162212200L, -1379184826L, 1480275699L, -1961584555L, -1627216846L, 
-801897984L, 942142185L, 504523099L, 1591182252L, 1676173242L, 
968677743L, 1812443897L, 2115550094L, 1833616988L, -1091529523L, 
-904414153L, 1159894720L, -581561954L, -1683871125L, -1549995539L, 
-310968230L, -760688872L, -1730358143L, 1997451827L, 1054986324L, 
1275991138L, 232438519L, -1958795967L, -8281146L, -1792098044L, 
